0	1.00154
1	0.49852
2	1.45864
3	1.46824
4	3.60593
5	0.32405
6	0.03367
7	0.25196
8	4.61910
9	2.07623
10	0.65967
11	0.45818
12	1.26284
13	1.58312
14	0.16881
15	0.71638
16	1.12369
17	2.55016
18	0.41114
19	1.99884
20	0.96427
21	1.20652
22	0.40340
23	0.73541
24	3.02116
25	2.18518
26	1.88279
27	2.50987
28	1.86673
29	0.59790
30	0.30080
31	2.10862
32	0.68723
33	5.80861
34	1.05505
35	0.72679
36	1.59812
37	0.35631
38	0.47050
39	0.51118
40	0.84752
41	0.78935
42	0.53190
43	2.80041
44	4.35621
45	0.22998
46	3.74403
47	0.33505
48	0.74470
49	0.01213
50	0.04258
51	2.84160
52	0.88154
53	0.29181
54	3.00854
55	0.07120
56	1.30374
57	0.78931
58	0.35299
59	2.01915
60	1.21173
61	1.03330
62	0.72813
63	1.16659
64	3.07002
65	0.23961
66	0.12338
67	2.92665
68	1.58548
69	1.67721
70	2.87867
71	0.09768
72	0.80305
73	0.52391
74	0.12939
75	0.24658
76	0.84778
77	1.14909
78	1.14959
79	0.74361
80	2.43284
81	0.50947
82	1.95222
83	0.62047
84	0.99673
85	2.29729
86	2.65950
87	1.86778
88	2.35183
89	1.45526
90	1.04302
91	0.33064
92	0.74898
93	1.50138
94	0.22246
95	1.60793
96	0.27386
97	0.01378
98	0.90013
99	1.17447
100	1.66449
101	0.84320
102	1.44298
103	1.50364
104	2.07390
105	2.03507
106	0.83804
107	1.80041
108	1.09471
109	1.73888
110	1.29111
111	1.08034
112	1.66492
113	0.17636
114	1.00122
115	0.66598
116	0.87373
117	0.03520
118	0.20130
119	0.89404
120	0.53171
121	1.62864
122	2.14034
123	1.06524
124	0.13593
125	0.22963
126	1.35317
127	1.94523
128	0.05014
129	1.44281
130	0.99129
131	0.16367
132	3.95884
133	2.24277
134	0.18994
135	0.72627
136	0.36248
137	3.00652
138	0.87964
139	0.49142
140	0.61932
141	1.26973
142	0.11835
143	0.22532
144	1.33887
145	0.73370
146	1.54678
147	1.03409
148	1.17239
149	6.26980
150	0.82557
151	1.22848
152	0.26945
153	0.82259
154	0.94173
155	1.06821
156	1.33062
157	0.37353
158	0.43330
159	1.02986
160	1.13148
161	0.61734
162	0.53304
163	3.69423
164	3.48935
165	3.38959
166	2.17594
167	1.01451
168	1.36238
169	0.69532
170	0.52524
171	0.65085
172	1.34251
173	0.10401
174	1.47101
175	1.62823
176	0.72250
177	0.05740
178	0.03882
179	0.11782
180	3.46532
181	0.22246
182	1.13121
183	0.21157
184	0.22112
185	0.50645
186	2.41541
187	0.73980
188	0.68436
189	1.17153
190	0.80124
191	0.46883
192	0.99785
193	0.70954
194	0.10700
195	1.14366
196	0.28777
197	0.89654
198	1.55933
199	0.10699
200	1.48352
201	1.25884
202	0.28647
203	1.44862
204	1.35812
205	0.84315
206	1.97165
207	0.01530
208	0.63149
209	0.21967
210	0.30697
211	0.06081
212	0.05362
213	0.25519
214	3.26837
215	0.39178
216	0.81113
217	1.47648
218	1.55742
219	0.27788
220	0.16602
221	0.04085
222	0.34661
223	0.98510
224	1.37873
225	1.14056
226	3.28733
227	0.25082
228	0.03070
229	2.19479
230	0.31993
231	1.19756
232	0.56731
233	0.09004
234	0.02061
235	1.02041
236	2.12078
237	1.02893
238	0.86563
239	0.34221
240	0.73392
241	0.57572
242	0.10573
243	1.58284
244	1.04329
245	0.57331
246	2.37320
247	0.03784
248	2.47813
249	1.23853
250	0.14063
251	4.00966
252	2.42056
253	0.21413
254	0.21580
255	1.66655
256	0.31502
257	2.91639
258	0.45863
259	1.00349
260	0.02648
261	1.86107
262	1.61573
263	1.08219
264	2.78725
265	2.20622
266	0.23868
267	0.06234
268	1.15243
269	0.72399
270	0.45275
271	1.37820
272	1.62063
273	0.37254
274	0.85967
275	1.58572
276	0.02578
277	2.49141
278	3.21841
279	0.85365
280	0.76593
281	1.72470
282	0.69563
283	0.22049
284	0.88062
285	1.75245
286	0.79308
287	3.36917
288	0.63063
289	1.97610
290	0.13920
291	0.04481
292	1.07345
293	0.43487
294	3.34704
295	0.43473
296	3.25548
297	3.00130
298	0.10729
299	1.93880
300	1.30082
301	2.26445
302	4.35360
303	1.86845
304	1.66525
305	3.47725
306	1.25953
307	1.87741
308	1.25290
309	0.41969
310	1.36255
311	1.34660
312	3.46569
313	2.49056
314	0.84530
315	0.37318
316	0.32767
317	0.50654
318	1.88543
319	0.30095
320	0.15632
321	0.24663
322	1.09466
323	2.92730
324	1.55744
325	0.03709
326	0.80151
327	0.79307
328	1.18460
329	1.24035
330	2.69468
331	3.84270
332	1.76697
333	1.40365
334	0.79639
335	1.56982
336	2.21826
337	3.45110
338	0.57671
339	1.60381
340	0.54568
341	0.40544
342	3.14217
343	2.29856
344	0.46913
345	5.19475
346	0.98053
347	0.12564
348	6.84377
349	2.08139
350	2.88989
351	1.41014
352	0.27358
353	1.05896
354	2.57588
355	1.15988
356	2.38067
357	1.38987
358	0.16685
359	0.12713
360	0.49697
361	1.52482
362	1.17042
363	4.71322
364	0.99657
365	0.04381
366	2.08007
367	1.22732
368	0.59142
369	0.57359
370	0.71394
371	0.60748
372	3.66936
373	1.53666
374	2.02055
375	0.32825
376	0.53879
377	0.16422
378	0.69018
379	1.31449
380	1.65250
381	3.15432
382	1.03151
383	0.31038
384	0.89368
385	2.53353
386	0.32662
387	0.82232
388	0.72961
389	0.88483
390	1.47817
391	0.49255
392	0.48024
393	0.00414
394	0.99668
395	0.70213
396	0.61711
397	0.61613
398	5.57766
399	7.07339
400	1.34688
401	1.42774
402	0.24560
403	1.97471
404	0.62872
405	1.45286
406	0.31102
407	1.81791
408	0.79710
409	0.31404
410	1.79683
411	0.09610
412	2.38133
413	0.82365
414	4.12874
415	5.49979
416	0.63737
417	3.25328
418	2.70816
419	0.58726
420	3.90038
421	0.68944
422	0.89602
423	2.04740
424	1.54627
425	0.30790
426	0.16330
427	2.12425
428	0.12728
429	0.10654
430	3.97634
431	1.68182
432	0.36461
433	1.79621
434	0.57542
435	0.72025
436	0.89025
437	1.59767
438	0.82336
439	1.37528
440	0.54113
441	4.35088
442	0.82284
443	3.39688
444	0.01722
445	0.77833
446	0.34245
447	0.84063
448	2.60040
449	3.37365
450	1.28841
451	3.49586
452	2.95535
453	1.08935
454	0.53607
455	1.36389
456	0.66468
457	1.99222
458	2.11097
459	0.74512
460	1.60998
461	0.15056
462	0.04055
463	1.43571
464	1.54170
465	0.37748
466	0.89816
467	4.29085
468	1.01097
469	0.69749
470	1.43990
471	0.52054
472	0.38413
473	1.45463
474	1.27871
475	0.06644
476	2.69481
477	0.31948
478	0.13984
479	1.06176
480	0.38893
481	0.67343
482	0.96551
483	1.28268
484	2.16543
485	0.41633
486	0.65415
487	0.34248
488	0.46803
489	1.74359
490	0.30998
491	0.77453
492	4.32527
493	1.33815
494	0.32063
495	0.30810
496	5.12931
497	0.16204
498	0.28811
499	2.88661
